2141856151
1565995231
7105909387
16405758378
12407383382
5236152420
5236135411
10606025644
1095742664
1412686245
7152966927
206579605
13038995752
8820872423
14662995373
15762121814
7169708560
10995959396
13857649848
7485087515
7755297312
16432479772
7915123241
433517917
12636175122
13993110162
15269682997
285551576
16156863786
15698548395
11569282129
6474466423
10729455634
7696315416
11458001755
15621141526
12210245615
8381806080
16024741157
16024691461
16024814219
13551265454
15274503273
15619453931
15008311042
9605261852
6032311304
13167634370
9895184368
8332960836
463016607
9835676490
